Best result
error = 6.917685152737303e-01
n = 0.0420
K = 0.0009903
a = 0.508
Calculation time = 5207.17 s
