Best result
error = 6.930006495201875e-01
n = 0.0413
K = 0.0009823
a = 0.508
Calculation time = 5365.47 s
