THE BEST IS
error=1.615214e-03
D50=0.00306
N=19.963
P=0.377
