Best result
error = 1.905625000000000e-03
D50 = 0.00306
N = 20.170
P = 0.506
Calculation time = 419.861 s
