THE BEST IS
error=1.707796e-03
D50=0.00306
N=21.001
P=0.563
