Best result
error = 1.938440000000000e-03
D50 = 0.00302
N = 16.204
P = 0.386
Calculation time = 450.697 s
